$ 13 0.000005 10.20027730826997 50 5 50 5e-11
r 1232 144 1232 224 0 660
370 512 304 592 304 1 0 0
407 1136 224 1264 224 1
g 1232 256 1232 288 0 0
370 1232 224 1312 224 1 0 0
M 1312 224 1392 224 0 2.5
x 755 409 859 412 4 24 MIDI\sOut
x 899 365 982 368 4 24 MIDI\sIn
R 784 144 784 64 0 0 40 3.3 0 0 0.5
r 784 224 784 144 0 33
w 1024 256 1136 256 0
w 864 256 1024 256 0
x 901 218 926 221 4 12 Pin4
x 904 274 929 277 4 12 Pin5
R 1232 144 1232 96 0 0 40 3.3 0 0 0.5
x 1281 187 1409 190 4 12 3.3V/660Ohm\s\q\s5mA
d 1136 256 1136 224 2 default
r 1024 224 1136 224 0 220
w 784 224 864 224 0
x 945 195 1209 198 4 12 PC817\sForward\sVoltage\sV_F\s@\s20mA\s\q\s1.2V
x 1155 281 1206 284 4 16 PC817
b 896 77 1522 332 0
w 640 256 640 288 0
g 640 320 640 352 0 0
t 592 304 640 304 0 -1 3.3 1.6943917380274343e-9 50 default
370 720 256 640 256 1 0 0
x 1281 201 1499 204 4 12 MIDI\sSpec:\s5V\s/\s280\sOhm\s\q\s17.8\smA
x 1239 153 1336 156 6 12 Inverting\soutput
x 376 336 612 339 6 12 H\s\q\sOpen\scircuit,\sL\s\q\sPull-down\sto\sGND
b 361 42 881 381 0
x 51 673 816 676 4 24 See:\shttp://midi.teragonaudio.com/tech/midispec/hardware.htm
x 50 707 1146 710 4 24 See:\shttps://learn.sparkfun.com/tutorials/midi-tutorial/hardware--electronic-implementation
r 720 256 864 256 0 10
x 48 742 964 745 4 24 See:\shttps://www.midi.org/specifications/5-pin-din-electrical-specs/download
L 512 304 448 304 0 1 false 3.3 0
p 864 224 864 256 1 0 0
w 864 224 1024 224 0
r 720 256 720 144 0 470
w 720 144 784 144 0
o 35 64 0 4098 0.0000762939453125 0.1 0 1
